image_width: 640
image_height: 480
camera_name: usb_cam
camera_matrix:
  rows: 3
  cols: 3
  data: [680.505598, 0.000000, 308.726314, 0.000000, 683.279422, 260.659972, 0.000000, 0.000000, 1.000000]
distortion_model: plumb_bob
distortion_coefficients:
  rows: 1
  cols: 5
  data: [0.096320, -0.319307, 0.007304, -0.002133, 0.000000]
rectification_matrix:
  rows: 3
  cols: 3
  data: [1.000000, 0.000000, 0.000000, 0.000000, 1.000000, 0.000000, 0.000000, 0.000000, 1.000000]
projection_matrix:
  rows: 3
  cols: 4
  data: [684.928650, 0.000000, 307.441557, 0.000000, 0.000000, 688.220093, 262.774612, 0.000000, 0.000000, 0.000000, 1.000000, 0.000000]
